351 57 1024586.125
351 235 1210414.125
351 248 1732987.125
351 43 2028571.125
351 70 2262190.0
352 183 1213696.375
352 343 1345674.875
352 5 1534845.875
352 169 1677900.75
352 18 2474285.75
353 31 1424754.625
353 44 1580684.0
353 235 1618250.625
353 221 1701673.125
353 209 1808105.625
354 64 1107782.875
354 241 1149717.625
354 50 1879925.375
354 228 2102298.0
354 254 2127727.25
355 169 1083805.5
355 344 1831618.125
355 6 1945542.125
355 330 2124781.5
355 343 2136347.5
356 174 1152319.0
356 13 1421366.25
356 0 1900135.5
356 188 1909933.875
356 1 2111118.25
357 31 1240170.5
357 222 1336953.875
357 209 1561917.375
357 17 1835463.75
357 43 1840665.125
358 235 1045582.5625
358 57 1080050.25
358 248 1927946.375
358 43 1998984.875
358 44 2309769.75
359 131 1185366.625
359 304 1475743.75
359 291 1687196.625
359 317 1882063.125
359 143 2029303.75
360 40 1318692.5
360 199 1412715.5
360 27 1439076.875
360 213 1755507.75
360 187 1773855.75
361 18 1251135.5
361 195 1295230.25
361 5 1739406.0
361 183 1881321.75
361 209 2320943.0
362 169 1215579.5
362 330 1617536.875
362 343 1661972.75
362 183 1994665.0
362 157 2017169.0
363 228 1041039.25
363 50 1112425.375
363 242 1973188.875
363 37 2012573.5
363 38 2250847.25
364 18 1363600.625
364 195 1388029.75
364 5 1805700.25
364 183 1866480.0
364 182 2228514.5
365 131 1367747.875
365 144 1413328.5
365 303 1494408.5
365 291 1557685.125
365 317 2027657.375
366 209 1124322.5
366 31 1342699.875
366 18 1798531.5
366 195 1897807.125
366 44 2278952.75
367 104 1041483.375
367 292 1630294.25
367 279 1917115.75
367 278 2023362.75
367 266 2153628.25
368 221 1215066.75
368 44 1304374.625
368 208 1784311.5
368 58 2029513.75
368 32 2071079.625
369 64 1038731.625
369 241 1077738.75
369 254 1960080.375
369 50 2105566.5
369 228 2394346.75
370 44 1506956.5
370 221 1536345.25
370 31 1731213.875
370 209 1738051.25
370 18 2137256.5
371 339 1030868.6875
371 161 1100771.875
371 1 1558220.25
371 147 2052770.25
371 148 2232271.5
372 158 1226562.25
372 290 1338201.875
372 303 1350230.5
372 144 1455402.125
372 316 1711999.75
373 129 1272078.0
373 305 1578982.25
373 292 1734260.375
373 104 2000903.375
373 293 2230916.25
374 31 1222823.0
374 222 1401650.125
374 209 1567757.25
374 43 1858682.375
374 17 1935445.75
375 277 1180506.0
375 118 1202690.0
375 251 1831820.5
375 264 1850404.125
375 92 1855241.125
376 44 1435760.375
376 221 1459052.875
376 31 1793196.875
376 209 1822029.0
376 32 2200195.5
377 207 1258990.625
377 45 1727472.75
377 208 1883130.375
377 32 1914188.125
377 33 1990049.125
378 277 1328127.875
378 118 1386553.375
378 264 1610536.0
378 106 1618350.375
378 251 1686160.5
379 6 1267643.375
379 182 1588178.125
379 169 1591726.75
379 344 1703991.25
379 195 2506762.5
380 201 1330032.375
380 25 1549255.125
380 215 1593453.75
380 38 1698836.375
380 51 2386434.25
381 6 1218642.0
381 182 1438448.5
381 169 1778441.125
381 344 1938637.5
381 195 2251329.25
382 235 1297721.5
382 57 1592217.375
382 43 1668491.5
382 31 1757495.75
382 222 1788579.125
383 26 1034521.0625
383 214 1445646.375
383 201 1869789.625
383 200 2238223.0
383 25 2265489.5
384 57 1043758.3125
384 235 1087664.625
384 248 1840990.875
384 43 1984244.75
384 70 2369272.75
385 128 1488558.25
385 142 1490243.625
385 319 1549725.375
385 306 1587179.5
385 116 2314549.0
386 195 1340969.625
386 18 1429027.25
386 32 1500317.375
386 208 1912914.25
386 182 2250214.0
387 169 1456735.0
387 6 1582690.875
387 182 1860467.375
387 344 2023099.125
387 183 2184225.25
388 187 1317803.875
388 14 1434141.75
388 173 1505987.25
388 27 1606297.0
388 40 1912024.0
389 343 1107426.375
389 183 1204554.375
389 5 1588686.0
389 169 1796950.0
389 157 2334318.25
390 157 1071893.625
390 317 1159385.25
390 170 1999904.5
390 330 2072099.375
390 329 2100069.0
391 31 1152517.0
391 209 1310615.625
391 44 1784559.375
391 221 1884863.625
391 222 2229254.0
392 209 1113157.125
392 31 1418937.375
392 18 1729888.125
392 195 1841537.875
392 5 2151263.5
393 44 1467116.625
393 221 1495958.375
393 31 1744161.5
393 209 1766972.5
393 18 2183162.75
394 31 1241858.5
394 209 1579670.125
394 44 1709294.5
394 235 1812393.875
394 221 1829238.625
395 169 1134201.5
395 343 1738409.75
395 183 1802756.125
395 330 2075404.625
395 344 2196947.75
396 44 1423502.875
396 221 1443588.875
396 31 1819911.375
396 209 1850222.625
396 32 2180311.25
397 32 1094135.125
397 208 1315130.75
397 195 1903893.375
397 18 1989081.875
397 221 2391856.25
398 44 1516437.625
398 221 1544406.5
398 31 1740500.0
398 209 1741446.75
398 18 2123393.5
399 32 1326450.125
399 208 1629135.75
399 207 1642166.25
399 19 1914837.25
399 182 2229750.75
400 317 1044549.75
400 157 1372052.125
400 143 1906838.0
400 131 2018793.0
400 144 2063687.625
401 24 1447658.75
401 228 1493948.875
401 38 1765797.375
401 202 1880618.75
401 215 1894694.125
402 31 1388428.5
402 44 1521174.625
402 221 1635541.0
402 209 1730425.125
402 235 1745716.375
403 143 1239535.25
403 330 1533168.625
403 317 1585550.625
403 157 1633122.625
403 304 2167125.25
404 222 1342168.75
404 43 1399682.875
404 31 1664362.0
404 235 1711573.625
404 57 1974909.75
405 265 1267798.0
405 105 1361894.875
405 92 1723314.125
405 118 1745580.75
405 251 1794529.25
406 209 1041697.125
406 31 1080489.75
406 222 1962436.125
406 17 2038256.625
406 18 2283014.25
407 40 1347351.125
407 199 1395127.875
407 27 1584058.375
407 187 1645708.75
407 14 1829721.5
408 200 1210729.25
408 27 1376522.75
408 187 1663708.125
408 13 1668543.875
408 39 2199379.5
409 169 1133678.0
409 344 1826109.0
409 6 1847649.625
409 183 2167757.75
409 343 2198692.25
410 241 1021954.375
410 64 1037517.1875
410 77 2213333.75
410 254 2252733.5
410 227 2283837.75
411 1 1370513.625
411 187 1436502.875
411 174 1836869.25
411 161 1973315.75
411 13 1984272.75
412 169 1088649.5
412 343 1922357.125
412 183 1956075.25
412 344 2022752.0
412 330 2094713.625
413 187 1430265.75
413 1 1583062.125
413 13 1650459.375
413 174 1694160.625
413 27 1941368.875
414 32 1321903.0
414 208 1515089.625
414 207 1517532.0
414 19 1971757.0
414 45 2222113.5
415 27 1347657.875
415 40 1401903.375
415 199 1499192.0
415 187 1666293.375
415 213 1807379.875
416 235 1066585.0
416 57 1347545.125
416 44 1957503.625
416 43 2041853.125
416 31 2045594.25
417 129 1362960.0
417 293 1733172.5
417 305 1775563.25
417 116 1852354.5
417 279 2035148.875
418 31 1368179.625
418 44 1600703.875
418 235 1683875.5
418 221 1720793.0
418 209 1735655.5
419 43 1100266.875
419 222 1331786.875
419 248 1709923.375
419 235 1888433.625
419 57 2006530.25
420 118 1394803.125
420 105 1395720.375
420 277 1472094.875
420 265 1571074.375
420 92 2036232.0
421 187 1071105.5
421 27 1119810.625
421 200 1975699.25
421 13 2042824.625
421 14 2200678.75
422 304 1258078.125
422 130 1517212.875
422 143 1647821.875
422 318 1701021.75
422 117 2167064.0
423 155 1411171.25
423 331 1815395.625
423 319 1908750.25
423 305 1953554.25
423 318 1982442.375
424 290 1047053.625
424 158 1291051.625
424 132 1305010.875
424 303 1766814.375
424 316 1848371.25
425 27 1230586.125
425 187 1506683.5
425 40 1539359.25
425 199 1638644.625
425 213 1917691.0
426 266 1459810.875
426 104 1506492.875
426 279 1749359.75
426 103 1863558.75
426 91 2131144.25
427 174 1018712.0
427 13 1779779.5
427 1 1869442.625
427 0 2019732.25
427 188 2246711.5
428 195 1079396.375
428 18 1142191.25
428 32 2000643.375
428 182 2065931.75
428 6 2344772.25
429 131 1098514.0
429 291 1544311.25
429 304 1568706.125
429 317 1945462.125
429 143 2198055.25
430 144 1372744.875
430 131 1393160.625
430 303 1473408.5
430 317 1711946.75
430 291 1757252.0
431 343 1071626.0
431 183 1504039.375
431 157 1853687.0
431 170 1896072.0
431 5 1931494.375
432 31 1283123.625
432 235 1678555.875
432 209 1695787.875
432 222 1701796.625
432 43 1972530.375
433 18 1144763.25
433 195 1171400.875
433 5 1911229.25
433 183 2074524.0
433 182 2305971.75
434 174 1204773.375
434 1 1523317.75
434 13 1650170.125
434 187 1996743.75
434 161 2064683.5
435 258 1305870.875
435 72 1501016.125
435 98 1866750.5
435 86 1909208.125
435 246 1997255.25
436 31 1424387.625
436 222 1484989.0
436 235 1669310.75
436 43 1682718.75
436 209 1857398.75
437 44 1221482.75
437 221 1278247.875
437 31 1702657.375
437 209 1886686.875
437 235 2194349.0
438 31 1024580.9375
438 209 1226052.75
438 222 1813118.5
438 17 2138237.25
438 44 2151084.0
439 40 1172600.625
439 199 1255434.25
439 213 1660152.625
439 27 1676288.125
439 187 2043490.25
440 72 1227117.25
440 86 1588778.625
440 232 1610073.625
440 245 1702364.5
440 258 1747998.75
441 241 1238909.625
441 64 1317496.25
441 227 1715105.25
441 51 1927118.75
441 77 2279710.0
442 143 1118552.0
442 304 1468128.5
442 318 1967187.75
442 317 2011166.75
442 330 2165336.5
443 161 1052431.75
443 1 1165447.0
443 339 1274627.375
443 174 1993890.75
443 147 2297873.0
444 31 1128826.5
444 209 1466704.5
444 222 1613207.625
444 235 1951825.0
444 43 2063822.75
445 40 1077166.25
445 199 1113938.0
445 27 1842786.625
445 213 2001185.75
445 187 2060767.125
446 44 1264072.375
446 221 1302726.25
446 31 1761169.125
446 209 1887022.5
446 208 2352397.0
447 130 1464531.375
447 318 1525458.25
447 155 1793724.125
447 305 1817680.0
447 331 2151884.0
448 26 1021301.8125
448 214 1538364.75
448 201 1939382.5
448 200 2049714.75
448 188 2263909.5
449 77 1328117.0
449 253 1638207.0
449 240 1674445.875
449 52 1921342.875
449 227 2203061.0
450 18 1315762.75
450 195 1384551.75
450 209 1502639.875
450 31 1853225.625
450 5 2329621.25
